33.8
74.04
24.29
32.00
4.45
74.33
76.41
47.20
12.77
17.06
85.80
90.13
26.90
89.40
8.16
26.51
53.80
67.74
27.09
71.49
66.89
22.50
21.43
70.63
79.72
6.96
67.20
44.29
12.15
74.32
16.93
20.15
71.26
3.82
14.94
79.27
11.44
6.92
1.22
45.36
8.73
27.51
28.21
53.85
82.76
46.27
65.00
47.74
26.52
48.61
91.86
60.50
58.83
18.23
94.10
62.84
97.32
73.69
48.77
69.79
60.91
74.21
60.58
27.32
49.56
82.65
43.82
23.44
16.97
88.60
65.94
98.11
46.54
62.70
65.78
57.82
65.20
34.18
33.94
36.61
80.81
58.28
96.62
83.22
8.90
67.47
75.15
95.69
62.36
80.91
3.12
69.44
13.77
80.49
70.59
72.55
4.01
48.30
30.55
12.83
63.57
0.67
46.66
15.22
32.61
46.69
83.23
85.43
15.26
45.45
38.67
95.58
79.54
35.62
1.55
91.44
19.51
63.25
65.17
86.91
29.07
39.35
70.48
81.47
97.72
17.56
60.47
8.68
28.01
93.91
19.10
99.96
91.46
95.60
37.44
26.70
85.21
44.07
96.05
66.13
25.39
48.31
78.07
21.23
14.43
9.29
30.68
13.87
49.77
93.29
73.80
61.25
99.11
62.82
14.51
41.02
53.33
37.36
63.15
47.55
82.54
93.05
62.96
43.29
62.83
0.27
38.72
12.63
11.89
41.33
42.03
33.34
70.02
46.37
20.91
90.30
89.75
35.32
69.57
70.35
52.28
55.70
20.61
92.82
11.51
62.06
26.24
50.53
77.76
91.28
38.13
58.55
92.32
49.85
35.50
33.82
11.17
44.19
70.66
57.93
11.91
53.18
97.74
7.36
61.08
63.08
25.43
70.70
31.00
59.71
88.16
10.97
34.98
99.70
60.95
72.28
57.62
63.59
53.17
75.14
92.88
27.19
3.58
92.13
67.04
74.10
65.12
46.77
15.58
12.75
11.56
32.12
3.69
53.92
20.06
3.28
28.63
51.22
84.01
57.59
18.61
6.06
88.42
80.25
47.98
91.36
36.90
99.22
21.05
53.57
53.20
63.11
38.31
11.38
93.46
28.40
47.56
81.32
95.58
18.24
0.09
25.38
61.19
94.15
77.25
33.78
12.69
63.90
26.36
27.34
92.75
34.38
46.63
88.10
77.19
6.29
95.30
4.33
53.05
99.39
42.59
46.64
73.65
91.25
89.47
75.56
39.70
50.58
77.03
17.90
71.22
46.89
57.97
38.85
29.22
22.16
71.64
80.24
17.59
17.63
62.23
31.26
46.16
58.77
6.40
47.36
63.88
14.95
71.78
35.53
77.46
67.01
10.18
79.73
55.30
35.29
0.71
88.79
79.27
43.62
97.16
11.14
47.22
20.55
1.05
75.43
48.56
68.25
77.43
84.44
31.57
61.38
53.96
10.56
56.73
73.78
95.28
15.73
83.26
68.96
24.84
45.90
67.50
32.03
73.84
30.99
61.35
65.33
73.31
54.50
86.34
17.65
69.39
44.40
24.85
67.92
34.05
76.15
13.76
38.30
64.08
72.46
47.74
68.52
9.65
30.01
99.59
43.84
50.32
3.05
43.16
32.16
41.32
26.11
20.74
52.44
85.60
63.54
31.44
66.21
48.56
32.42
29.42
56.58
21.05
57.17
11.74
35.23
53.87
79.01
44.37
96.74
32.43
61.71
22.02
21.74
33.33
6.04
82.14
15.73
6.95
9.73
97.30
58.58
59.26
87.29
50.83
31.56
64.47
94.41
60.66
82.97
25.87
85.60
53.46
91.63
16.57
70.18
7.10
87.89
73.93
22.19
73.37
96.32
92.12
42.27
64.67
71.01
55.52
66.29
38.68
4.70
82.66
64.35
42.98
6.66
4.78
76.74
88.37
60.27
86.34
88.32
3.55
91.20
5.77
52.32
86.99
99.81
53.70
35.49
12.02
37.13
73.48
72.30
60.45
32.93
64.05
83.23
56.76
16.42
88.81
33.97
50.00
5.44
85.73
86.23
43.87
78.38
53.83
18.67
6.79
84.39
98.96
76.56
3.10
92.52
58.04
43.13
74.26
27.54
84.66
11.60
64.69
91.72
71.89
77.59
30.51
25.34
7.80
64.04
91.70
16.17
8.41
37.42
88.07
28.19
48.88
73.05
77.74
83.41
19.05
79.91
73.26
96.87
61.88
0.83
44.75
34.90
14.72
62.78
32.35
39.09
62.35
63.52
0.65
34.55
28.01
46.15
36.93
20.02
74.10
30.85
41.73
19.42
57.73
44.56
85.64
59.69
87.99
13.45
9.25
28.30
61.58
60.64
24.51
55.13
11.34
82.08
35.40
58.18
88.22
57.19
33.31
90.20
11.54
87.89
38.09
24.35
64.47
49.17
50.03
20.92
82.23
77.88
49.41
24.25
78.93
22.33
30.84
49.28
85.76
24.60
87.64
30.63
27.86
10.12
67.75
23.34
50.28
14.37
7.44
64.39
14.37
85.47
11.29
26.57
25.05
63.09
88.04
22.34
16.97
49.14
70.40
44.24
22.49
53.75
44.17
60.50
68.52
21.20
86.87
19.90
0.45
14.83
69.56
58.17
11.45
67.37
6.57
39.69
63.24
83.72
47.70
13.19
20.47
16.83
94.68
7.39
84.99
24.31
89.67
43.86
8.65
53.09
67.30
98.22
83.66
92.84
83.76
97.76
57.89
84.64
36.58
4.15
99.52
71.22
66.76
93.01
39.86
26.97
91.74
8.68
56.32
11.94
51.49
42.30
18.40
52.59
63.20
53.91
8.86
63.64
70.52
35.08
49.35
90.78
42.02
87.94
5.38
71.60
20.81
78.22
18.89
83.57
52.10
5.30
18.35
72.19
18.90
20.77
86.36
29.69
97.18
18.40
22.09
25.50
1.59
12.89
22.63
73.15
30.07
22.95
20.83
55.23
31.78
74.60
59.96
17.97
16.30
45.11
55.67
89.96
94.27
74.63
94.39
75.85
89.52
83.34
43.94
25.09
91.25
44.74
6.79
78.30
20.78
82.84
29.59
49.36
72.27
79.98
93.34
9.94
49.12
5.42
47.89
5.30
58.51
0.17
21.72
44.59
45.67
82.79
33.28
77.63
45.96
73.15
53.88
90.75
8.45
66.01
23.57
28.81
97.47
25.03
1.38
78.23
10.28
9.14
39.20
25.81
58.29
87.87
4.43
42.44
46.92
49.91
41.05
27.30
54.92
60.30
50.57
88.00
57.82
75.28
95.24
25.47
62.07
81.32
73.99
38.41
16.70
84.85
98.50
61.40
47.39
42.72
1.58
3.33
14.21
89.91
42.64
58.34
28.88
90.55
36.66
20.09
79.92
11.16
21.51
42.00
4.62
90.96
96.41
51.21
16.03
62.83
9.19
41.82
39.64
60.93
44.06
44.34
39.89
36.21
62.71
92.60
19.71
89.08
81.84
86.55
57.67
20.49
27.89
80.51
6.77
97.10
95.63
9.32
16.55
23.64
51.90
2.56
55.85
17.22
67.46
26.08
7.50
81.42
30.92
33.85
78.08
85.95
96.76
8.88
16.05
67.31
46.50
21.51
59.78
79.63
96.48
35.74
43.30
41.24
69.11
49.71
72.19
42.10
54.93
65.48
44.40
0.07
32.41
44.66
31.77
79.89
79.57
21.58
56.76
17.61
6.72
13.95
95.69
25.43
63.60
91.64
15.33
87.25
25.26
39.17
2.37
93.42
41.45
74.27
77.12
4.83
41.63
66.10
91.86
81.05
24.14
29.85
2.28
54.94
22.05
61.56
65.69
87.24
30.52
16.97
64.01
88.27
0.92
31.00
71.12
51.41
55.51
21.04
84.53
3.05
53.15
16.11
19.41
37.07
41.20
6.84
19.38
68.52
61.84
16.43
73.01
10.77
41.93
51.57
37.42
53.09
84.77
4.24
61.34
91.59
99.35
40.03
68.56
45.37
48.22
26.79
9.92
71.85
68.41
28.70
16.80
80.73
21.74
15.00
92.72
34.04
60.44
10.16
60.51
11.45
52.17
42.84
42.37
14.81
94.14
34.64
87.54
83.19
60.71
6.47
78.09
91.03
70.68
70.33
37.16
5.78
31.25
17.34
36.01
88.50
13.81
9.01
46.24
31.28
43.75
28.25
11.81
38.70
41.01
48.68
21.93
76.94
31.00
36.79
50.20
33.89
56.80
9.92
88.03
56.31
62.35
34.93
41.25
56.03
84.01
67.40
77.38
6.08
82.90
99.21
8.22
79.86
74.29
3.50
67.54
21.72
61.75
40.57
96.60
75.54
63.66
15.32
81.97
39.72
27.64
57.84
99.24
61.24
64.23
32.02
4.03
29.45
95.73
64.25
77.30
81.14
8.05
23.97
76.01
82.27
44.23